 65.50     -59.50
 65.50     -58.50
 65.50     -57.50
 65.50     -56.50
 65.50     -55.50
 65.50     -54.50
 64.50     -61.50
 64.50     -60.50
 64.50     -59.50
 64.50     -58.50
 64.50     -57.50
 64.50     -56.50
 64.50     -55.50
 64.50     -54.50
 64.50     -53.50
 64.50     -30.50
 64.50     -29.50
 64.50     -28.50
 64.50     -27.50
 64.50     -26.50
 64.50     -25.50
 63.50     -61.50
 63.50     -60.50
 63.50     -59.50
 63.50     -58.50
 63.50     -57.50
 63.50     -56.50
 63.50     -55.50
 63.50     -54.50
 63.50     -53.50
 63.50     -52.50
 63.50     -32.50
 63.50     -31.50
 63.50     -30.50
 63.50     -29.50
 63.50     -28.50
 63.50     -27.50
 63.50     -26.50
 63.50     -25.50
 63.50     -24.50
 62.50     -63.50
 62.50     -62.50
 62.50     -61.50
 62.50     -60.50
 62.50     -59.50
 62.50     -58.50
 62.50     -57.50
 62.50     -56.50
 62.50     -55.50
 62.50     -54.50
 62.50     -53.50
 62.50     -52.50
 62.50     -51.50
 62.50     -35.50
 62.50     -34.50
 62.50     -33.50
 62.50     -32.50
 62.50     -31.50
 62.50     -30.50
 62.50     -29.50
 62.50     -28.50
 62.50     -27.50
 62.50     -26.50
 62.50     -25.50
 62.50     -24.50
 62.50     -23.50
 62.50     -22.50
 62.50     -21.50
 62.50     -20.50
 62.50     -19.50
 62.50     -18.50
 62.50     -17.50
 61.50     -63.50
 61.50     -62.50
 61.50     -61.50
 61.50     -60.50
 61.50     -59.50
 61.50     -58.50
 61.50     -57.50
 61.50     -56.50
 61.50     -55.50
 61.50     -54.50
 61.50     -53.50
 61.50     -52.50
 61.50     -51.50
 61.50     -50.50
 61.50     -37.50
 61.50     -36.50
 61.50     -35.50
 61.50     -34.50
 61.50     -33.50
 61.50     -32.50
 61.50     -31.50
 61.50     -30.50
 61.50     -29.50
 61.50     -28.50
 61.50     -27.50
 61.50     -26.50
 61.50     -25.50
 61.50     -24.50
 61.50     -23.50
 61.50     -22.50
 61.50     -21.50
 61.50     -20.50
 61.50     -19.50
 61.50     -18.50
 61.50     -17.50
 61.50     -16.50
 60.50     -63.50
 60.50     -62.50
 60.50     -61.50
 60.50     -60.50
 60.50     -59.50
 60.50     -58.50
 60.50     -57.50
 60.50     -56.50
 60.50     -55.50
 60.50     -54.50
 60.50     -53.50
 60.50     -52.50
 60.50     -51.50
 60.50     -50.50
 60.50     -49.50
 60.50     -38.50
 60.50     -37.50
 60.50     -36.50
 60.50     -35.50
 60.50     -34.50
 60.50     -33.50
 60.50     -32.50
 60.50     -31.50
 60.50     -30.50
 60.50     -29.50
 60.50     -28.50
 60.50     -27.50
 60.50     -26.50
 60.50     -25.50
 60.50     -24.50
 60.50     -23.50
 60.50     -22.50
 60.50     -21.50
 60.50     -20.50
 60.50     -19.50
 60.50     -18.50
 60.50     -17.50
 60.50     -16.50
 60.50     -15.50
 59.50     -61.50
 59.50     -60.50
 59.50     -59.50
 59.50     -58.50
 59.50     -57.50
 59.50     -56.50
 59.50     -55.50
 59.50     -54.50
 59.50     -53.50
 59.50     -52.50
 59.50     -51.50
 59.50     -50.50
 59.50     -49.50
 59.50     -48.50
 59.50     -47.50
 59.50     -40.50
 59.50     -39.50
 59.50     -38.50
 59.50     -37.50
 59.50     -36.50
 59.50     -35.50
 59.50     -34.50
 59.50     -33.50
 59.50     -32.50
 59.50     -31.50
 59.50     -30.50
 59.50     -29.50
 59.50     -28.50
 59.50     -27.50
 59.50     -26.50
 59.50     -25.50
 59.50     -24.50
 59.50     -23.50
 59.50     -22.50
 59.50     -21.50
 59.50     -20.50
 59.50     -19.50
 59.50     -18.50
 59.50     -17.50
 59.50     -16.50
 59.50     -15.50
 59.50     -14.50
 58.50     -60.50
 58.50     -59.50
 58.50     -58.50
 58.50     -57.50
 58.50     -56.50
 58.50     -55.50
 58.50     -54.50
 58.50     -53.50
 58.50     -52.50
 58.50     -51.50
 58.50     -50.50
 58.50     -49.50
 58.50     -48.50
 58.50     -47.50
 58.50     -46.50
 58.50     -45.50
 58.50     -44.50
 58.50     -43.50
 58.50     -42.50
 58.50     -41.50
 58.50     -40.50
 58.50     -39.50
 58.50     -38.50
 58.50     -37.50
 58.50     -36.50
 58.50     -35.50
 58.50     -34.50
 58.50     -33.50
 58.50     -32.50
 58.50     -31.50
 58.50     -30.50
 58.50     -29.50
 58.50     -28.50
 58.50     -27.50
 58.50     -26.50
 58.50     -25.50
 58.50     -24.50
 58.50     -23.50
 58.50     -22.50
 58.50     -21.50
 58.50     -20.50
 58.50     -19.50
 58.50     -18.50
 58.50     -17.50
 58.50     -16.50
 58.50     -15.50
 58.50     -14.50
 58.50     -13.50
 57.50     -58.50
 57.50     -57.50
 57.50     -56.50
 57.50     -55.50
 57.50     -54.50
 57.50     -53.50
 57.50     -52.50
 57.50     -51.50
 57.50     -50.50
 57.50     -49.50
 57.50     -48.50
 57.50     -47.50
 57.50     -46.50
 57.50     -45.50
 57.50     -44.50
 57.50     -43.50
 57.50     -42.50
 57.50     -41.50
 57.50     -40.50
 57.50     -39.50
 57.50     -38.50
 57.50     -37.50
 57.50     -36.50
 57.50     -35.50
 57.50     -34.50
 57.50     -33.50
 57.50     -32.50
 57.50     -31.50
 57.50     -30.50
 57.50     -29.50
 57.50     -28.50
 57.50     -27.50
 57.50     -26.50
 57.50     -25.50
 57.50     -24.50
 57.50     -23.50
 57.50     -22.50
 57.50     -21.50
 57.50     -20.50
 57.50     -19.50
 57.50     -18.50
 57.50     -17.50
 57.50     -16.50
 57.50     -15.50
 57.50     -14.50
 57.50     -13.50
 56.50     -57.50
 56.50     -56.50
 56.50     -55.50
 56.50     -54.50
 56.50     -53.50
 56.50     -52.50
 56.50     -51.50
 56.50     -50.50
 56.50     -49.50
 56.50     -48.50
 56.50     -47.50
 56.50     -46.50
 56.50     -45.50
 56.50     -44.50
 56.50     -43.50
 56.50     -42.50
 56.50     -41.50
 56.50     -40.50
 56.50     -39.50
 56.50     -38.50
 56.50     -37.50
 56.50     -36.50
 56.50     -35.50
 56.50     -34.50
 56.50     -33.50
 56.50     -32.50
 56.50     -31.50
 56.50     -30.50
 56.50     -29.50
 56.50     -28.50
 56.50     -27.50
 56.50     -26.50
 56.50     -25.50
 56.50     -24.50
 56.50     -23.50
 56.50     -22.50
 56.50     -21.50
 56.50     -20.50
 56.50     -19.50
 56.50     -18.50
 56.50     -17.50
 56.50     -16.50
 56.50     -15.50
 56.50     -14.50
 56.50     -13.50
 55.50     -55.50
 55.50     -54.50
 55.50     -53.50
 55.50     -52.50
 55.50     -51.50
 55.50     -50.50
 55.50     -49.50
 55.50     -48.50
 55.50     -47.50
 55.50     -46.50
 55.50     -45.50
 55.50     -44.50
 55.50     -43.50
 55.50     -42.50
 55.50     -41.50
 55.50     -40.50
 55.50     -39.50
 55.50     -38.50
 55.50     -37.50
 55.50     -36.50
 55.50     -35.50
 55.50     -34.50
 55.50     -33.50
 55.50     -32.50
 55.50     -31.50
 55.50     -30.50
 55.50     -29.50
 55.50     -28.50
 55.50     -27.50
 55.50     -26.50
 55.50     -25.50
 55.50     -24.50
 55.50     -23.50
 55.50     -22.50
 55.50     -21.50
 55.50     -20.50
 55.50     -19.50
 55.50     -18.50
 55.50     -17.50
 55.50     -16.50
 55.50     -15.50
 55.50     -14.50
 55.50     -13.50
 54.50     -54.50
 54.50     -53.50
 54.50     -52.50
 54.50     -51.50
 54.50     -50.50
 54.50     -49.50
 54.50     -48.50
 54.50     -47.50
 54.50     -46.50
 54.50     -45.50
 54.50     -44.50
 54.50     -43.50
 54.50     -42.50
 54.50     -41.50
 54.50     -40.50
 54.50     -39.50
 54.50     -38.50
 54.50     -37.50
 54.50     -36.50
 54.50     -35.50
 54.50     -34.50
 54.50     -33.50
 54.50     -32.50
 54.50     -31.50
 54.50     -30.50
 54.50     -29.50
 54.50     -28.50
 54.50     -27.50
 54.50     -26.50
 54.50     -25.50
 54.50     -24.50
 54.50     -23.50
 54.50     -22.50
 54.50     -21.50
 54.50     -20.50
 54.50     -19.50
 54.50     -18.50
 54.50     -17.50
 54.50     -16.50
 54.50     -15.50
 54.50     -14.50
 54.50     -13.50
 53.50     -53.50
 53.50     -52.50
 53.50     -51.50
 53.50     -50.50
 53.50     -49.50
 53.50     -48.50
 53.50     -47.50
 53.50     -46.50
 53.50     -45.50
 53.50     -44.50
 53.50     -43.50
 53.50     -42.50
 53.50     -41.50
 53.50     -40.50
 53.50     -39.50
 53.50     -38.50
 53.50     -37.50
 53.50     -36.50
 53.50     -35.50
 53.50     -34.50
 53.50     -33.50
 53.50     -32.50
 53.50     -31.50
 53.50     -30.50
 53.50     -29.50
 53.50     -28.50
 53.50     -27.50
 53.50     -26.50
 53.50     -25.50
 53.50     -24.50
 53.50     -23.50
 53.50     -22.50
 53.50     -21.50
 53.50     -20.50
 53.50     -19.50
 53.50     -18.50
 53.50     -17.50
 53.50     -16.50
 53.50     -15.50
 53.50     -14.50
 53.50     -13.50
 52.50     -51.50
 52.50     -50.50
 52.50     -49.50
 52.50     -48.50
 52.50     -47.50
 52.50     -46.50
 52.50     -45.50
 52.50     -44.50
 52.50     -43.50
 52.50     -42.50
 52.50     -41.50
 52.50     -40.50
 52.50     -39.50
 52.50     -38.50
 52.50     -37.50
 52.50     -36.50
 52.50     -35.50
 52.50     -34.50
 52.50     -33.50
 52.50     -32.50
 52.50     -31.50
 52.50     -30.50
 52.50     -29.50
 52.50     -28.50
 52.50     -27.50
 52.50     -26.50
 52.50     -25.50
 52.50     -24.50
 52.50     -23.50
 52.50     -22.50
 52.50     -21.50
 52.50     -20.50
 52.50     -19.50
 52.50     -18.50
 52.50     -17.50
 52.50     -16.50
 52.50     -15.50
 52.50     -14.50
 51.50     -51.50
 51.50     -50.50
 51.50     -49.50
 51.50     -48.50
 51.50     -47.50
 51.50     -46.50
 51.50     -45.50
 51.50     -44.50
 51.50     -43.50
 51.50     -42.50
 51.50     -41.50
 51.50     -40.50
 51.50     -39.50
 51.50     -38.50
 51.50     -37.50
 51.50     -36.50
 51.50     -35.50
 51.50     -34.50
 51.50     -33.50
 51.50     -32.50
 51.50     -31.50
 51.50     -30.50
 51.50     -29.50
 51.50     -28.50
 51.50     -27.50
 51.50     -26.50
 51.50     -25.50
 51.50     -24.50
 51.50     -23.50
 51.50     -22.50
 51.50     -21.50
 51.50     -20.50
 51.50     -19.50
 51.50     -18.50
 51.50     -17.50
 51.50     -16.50
 51.50     -15.50
 50.50     -50.50
 50.50     -49.50
 50.50     -48.50
 50.50     -47.50
 50.50     -46.50
 50.50     -45.50
 50.50     -44.50
 50.50     -43.50
 50.50     -42.50
 50.50     -41.50
 50.50     -40.50
 50.50     -39.50
 50.50     -38.50
 50.50     -37.50
 50.50     -36.50
 50.50     -35.50
 50.50     -34.50
 50.50     -33.50
 50.50     -32.50
 50.50     -31.50
 50.50     -30.50
 50.50     -29.50
 50.50     -28.50
 50.50     -27.50
 50.50     -26.50
 50.50     -25.50
 50.50     -24.50
 50.50     -23.50
 50.50     -22.50
 50.50     -21.50
 50.50     -20.50
 50.50     -19.50
 50.50     -18.50
 50.50     -17.50
 49.50     -49.50
 49.50     -48.50
 49.50     -47.50
 49.50     -46.50
 49.50     -45.50
 49.50     -44.50
 49.50     -43.50
 49.50     -42.50
 49.50     -41.50
 49.50     -40.50
 49.50     -39.50
 49.50     -38.50
 49.50     -37.50
 49.50     -36.50
 49.50     -35.50
 49.50     -34.50
 49.50     -33.50
 49.50     -32.50
 49.50     -31.50
 49.50     -30.50
 49.50     -29.50
 49.50     -28.50
 49.50     -27.50
 49.50     -26.50
 49.50     -25.50
 49.50     -24.50
 49.50     -23.50
 49.50     -22.50
 49.50     -21.50
 49.50     -20.50
 49.50     -19.50
 48.50     -48.50
 48.50     -47.50
 48.50     -46.50
 48.50     -45.50
 48.50     -44.50
 48.50     -43.50
 48.50     -42.50
 48.50     -41.50
 48.50     -40.50
 48.50     -39.50
 48.50     -38.50
 48.50     -37.50
 48.50     -36.50
 48.50     -35.50
 48.50     -34.50
 48.50     -33.50
 48.50     -32.50
 48.50     -31.50
 48.50     -30.50
 48.50     -29.50
 48.50     -28.50
 48.50     -27.50
 48.50     -26.50
 48.50     -25.50
 48.50     -24.50
 48.50     -23.50
 48.50     -22.50
 48.50     -21.50
 48.50     -20.50
 47.50     -46.50
 47.50     -45.50
 47.50     -44.50
 47.50     -43.50
 47.50     -42.50
 47.50     -41.50
 47.50     -40.50
 47.50     -39.50
 47.50     -38.50
 47.50     -37.50
 47.50     -36.50
 47.50     -35.50
 47.50     -34.50
 47.50     -33.50
 47.50     -32.50
 47.50     -31.50
 47.50     -30.50
 47.50     -29.50
 47.50     -28.50
 47.50     -27.50
 47.50     -26.50
 47.50     -25.50
 47.50     -24.50
 47.50     -23.50
 47.50     -22.50
 47.50     -21.50
 46.50     -46.50
 46.50     -45.50
 46.50     -44.50
 46.50     -43.50
 46.50     -42.50
 46.50     -41.50
 46.50     -40.50
 46.50     -39.50
 46.50     -38.50
 46.50     -37.50
 46.50     -36.50
 46.50     -35.50
 46.50     -34.50
 46.50     -33.50
 46.50     -32.50
 46.50     -31.50
 46.50     -30.50
 46.50     -29.50
 46.50     -28.50
 46.50     -27.50
 46.50     -26.50
 46.50     -25.50
 46.50     -24.50
 46.50     -23.50
 46.50     -22.50
 46.50     -21.50
 45.50     -44.50
 45.50     -43.50
 45.50     -42.50
 45.50     -41.50
 45.50     -40.50
 45.50     -39.50
 45.50     -38.50
 45.50     -37.50
 45.50     -36.50
 45.50     -35.50
 45.50     -34.50
 45.50     -33.50
 45.50     -32.50
 45.50     -31.50
 45.50     -30.50
 45.50     -29.50
 45.50     -28.50
 45.50     -27.50
 45.50     -26.50
 45.50     -25.50
 45.50     -24.50
 45.50     -23.50
 44.50     -43.50
 44.50     -42.50
 44.50     -41.50
 44.50     -40.50
 44.50     -39.50
 44.50     -38.50
 44.50     -37.50
 44.50     -36.50
 44.50     -35.50
 44.50     -34.50
 44.50     -33.50
 44.50     -32.50
 44.50     -31.50
 44.50     -30.50
 44.50     -29.50
 44.50     -28.50
 44.50     -27.50
 44.50     -26.50
 44.50     -25.50
 44.50     -24.50
 44.50     -23.50
 43.50     -40.50
 43.50     -39.50
 43.50     -38.50
 43.50     -37.50
 43.50     -36.50
 43.50     -35.50
 43.50     -34.50
 43.50     -33.50
 43.50     -32.50
 43.50     -31.50
 43.50     -30.50
 43.50     -29.50
 43.50     -28.50
 43.50     -27.50
 43.50     -26.50
 43.50     -25.50
 42.50     -37.50
 42.50     -36.50
 42.50     -35.50
 42.50     -34.50
 42.50     -33.50
 42.50     -32.50
 42.50     -31.50
 42.50     -30.50
 42.50     -29.50
 42.50     -28.50
